"year" "month" "date.excel" "frac.year" "co2" "co2.adj" "co2.fit" "co2.fit.adj" "co2.interpolated" "co2.interpolated.adj"
1958 1 21200 1958.0411 NA NA NA NA NA NA
1958 2 21231 1958.126 NA NA NA NA NA NA
1958 3 21259 1958.2027 315.7 314.41 316.17 314.88 315.7 314.41
1958 4 21290 1958.2877 317.45 315.15 317.28 314.97 317.45 315.15
1958 5 21320 1958.3699 317.5 314.73 317.83 315.05 317.5 314.73
1958 6 21351 1958.4548 NA NA 317.25 315.13 317.25 315.13
1958 7 21381 1958.537 315.86 315.15 315.92 315.21 315.86 315.15
1958 8 21412 1958.6219 314.93 316.16 314.06 315.28 314.93 316.16
1958 9 21443 1958.7068 313.2 316.06 312.49 315.35 313.2 316.06
1958 10 21473 1958.789 NA NA 312.41 315.41 312.41 315.41
1958 11 21504 1958.874 313.33 315.23 313.56 315.46 313.33 315.23
1958 12 21534 1958.9562 314.67 315.46 314.72 315.51 314.67 315.46
1959 1 21565 1959.0411 315.63 315.61 315.58 315.57 315.63 315.61
1959 2 21596 1959.126 316.38 315.76 316.24 315.63 316.38 315.76
1959 3 21624 1959.2027 316.71 315.42 316.98 315.68 316.71 315.42
1959 4 21655 1959.2877 317.72 315.4 318.07 315.76 317.72 315.4
1959 5 21685 1959.3699 318.29 315.5 318.62 315.84 318.29 315.5
1959 6 21716 1959.4548 318.15 316.03 318.05 315.93 318.15 316.03
1959 7 21746 1959.537 316.54 315.83 316.73 316.02 316.54 315.83
1959 8 21777 1959.6219 314.8 316.03 314.89 316.12 314.8 316.03
1959 9 21808 1959.7068 313.84 316.71 313.35 316.21 313.84 316.71
1959 10 21838 1959.789 313.26 316.26 313.3 316.3 313.26 316.26
1959 11 21869 1959.874 314.8 316.7 314.49 316.39 314.8 316.7
1959 12 21899 1959.9562 315.58 316.37 315.68 316.48 315.58 316.37
1960 1 21930 1960.041 316.43 316.42 316.57 316.56 316.43 316.42
1960 2 21961 1960.1257 316.97 316.36 317.25 316.64 316.97 316.36
1960 3 21990 1960.2049 317.58 316.26 318.04 316.72 317.58 316.26
1960 4 22021 1960.2896 319.02 316.67 319.14 316.8 319.02 316.67
1960 5 22051 1960.3716 320.03 317.23 319.67 316.87 320.03 317.23
1960 6 22082 1960.4563 319.59 317.48 319.04 316.93 319.59 317.48
1960 7 22112 1960.5383 318.18 317.49 317.66 316.98 318.18 317.49
1960 8 22143 1960.623 315.91 317.16 315.76 317.01 315.91 317.16
1960 9 22174 1960.7077 314.17 317.05 314.15 317.04 314.17 317.05
1960 10 22204 1960.7896 313.83 316.84 314.06 317.07 313.83 316.84
1960 11 22235 1960.8743 315 316.9 315.2 317.1 315 316.9
1960 12 22265 1960.9563 316.19 316.98 316.35 317.14 316.19 316.98
1961 1 22296 1961.0411 316.93 316.91 317.2 317.19 316.93 316.91
1961 2 22327 1961.126 317.7 317.08 317.87 317.25 317.7 317.08
1961 3 22355 1961.2027 318.54 317.24 318.62 317.32 318.54 317.24
1961 4 22386 1961.2877 319.48 317.15 319.74 317.4 319.48 317.15
1961 5 22416 1961.3699 320.58 317.77 320.3 317.49 320.58 317.77
1961 6 22447 1961.4548 319.77 317.63 319.72 317.58 319.77 317.63
1961 7 22477 1961.537 318.57 317.86 318.39 317.67 318.57 317.86
1961 8 22508 1961.6219 316.79 318.03 316.52 317.76 316.79 318.03
1961 9 22539 1961.7068 314.81 317.7 314.96 317.85 314.81 317.7
1961 10 22569 1961.789 315.38 318.4 314.9 317.92 315.38 318.4
1961 11 22600 1961.874 316.1 318.02 316.08 317.99 316.1 318.02
1961 12 22630 1961.9562 317.01 317.81 317.26 318.06 317.01 317.81
1962 1 22661 1962.0411 317.94 317.93 318.14 318.13 317.94 317.93
1962 2 22692 1962.126 318.55 317.93 318.81 318.19 318.55 317.93
1962 3 22720 1962.2027 319.68 318.37 319.56 318.26 319.68 318.37
1962 4 22751 1962.2877 320.63 318.29 320.66 318.32 320.63 318.29
1962 5 22781 1962.3699 321.01 318.2 321.2 318.39 321.01 318.2
1962 6 22812 1962.4548 320.55 318.4 320.6 318.45 320.55 318.4
1962 7 22842 1962.537 319.57 318.86 319.22 318.51 319.57 318.86
1962 8 22873 1962.6219 317.4 318.64 317.31 318.56 317.4 318.64
1962 9 22904 1962.7068 316.25 319.15 315.7 318.6 316.25 319.15
1962 10 22934 1962.789 315.42 318.45 315.61 318.64 315.42 318.45
1962 11 22965 1962.874 316.69 318.61 316.75 318.68 316.69 318.61
1962 12 22995 1962.9562 317.7 318.5 317.92 318.71 317.7 318.5
1963 1 23026 1963.0411 318.74 318.72 318.77 318.76 318.74 318.72
1963 2 23057 1963.126 319.07 318.45 319.42 318.8 319.07 318.45
1963 3 23085 1963.2027 319.86 318.55 320.16 318.85 319.86 318.55
1963 4 23116 1963.2877 321.39 319.04 321.25 318.9 321.39 319.04
1963 5 23146 1963.3699 322.25 319.42 321.78 318.96 322.25 319.42
1963 6 23177 1963.4548 321.48 319.32 321.16 319.01 321.48 319.32
1963 7 23207 1963.537 319.74 319.02 319.77 319.05 319.74 319.02
1963 8 23238 1963.6219 317.77 319.02 317.85 319.09 317.77 319.02
1963 9 23269 1963.7068 316.21 319.12 316.23 319.14 316.21 319.12
1963 10 23299 1963.789 315.99 319.03 316.13 319.18 315.99 319.03
1963 11 23330 1963.874 317.12 319.05 317.29 319.22 317.12 319.05
1963 12 23360 1963.9562 318.31 319.11 318.47 319.27 318.31 319.11
1964 1 23391 1964.041 319.57 319.55 319.33 319.32 319.57 319.55
1964 2 23422 1964.1257 NA NA 319.99 319.37 319.99 319.37
1964 3 23451 1964.2049 NA NA 320.75 319.41 320.75 319.41
1964 4 23482 1964.2896 NA NA 321.83 319.46 321.83 319.46
1964 5 23512 1964.3716 322.25 319.42 322.33 319.5 322.25 319.42
1964 6 23543 1964.4563 321.89 319.75 321.67 319.53 321.89 319.75
1964 7 23573 1964.5383 320.44 319.74 320.26 319.56 320.44 319.74
1964 8 23604 1964.623 318.7 319.97 318.31 319.59 318.7 319.97
1964 9 23635 1964.7077 316.7 319.63 316.68 319.61 316.7 319.63
1964 10 23665 1964.7896 316.79 319.84 316.57 319.62 316.79 319.84
1964 11 23696 1964.8743 317.79 319.72 317.7 319.64 317.79 319.72
1964 12 23726 1964.9563 318.71 319.51 318.85 319.65 318.71 319.51
1965 1 23757 1965.0411 319.44 319.42 319.69 319.68 319.44 319.42
1965 2 23788 1965.126 320.44 319.82 320.34 319.71 320.44 319.82
1965 3 23816 1965.2027 320.89 319.57 321.07 319.76 320.89 319.57
1965 4 23847 1965.2877 322.14 319.77 322.18 319.82 322.14 319.77
1965 5 23877 1965.3699 322.16 319.32 322.74 319.89 322.16 319.32
1965 6 23908 1965.4548 321.87 319.7 322.15 319.98 321.87 319.7
1965 7 23938 1965.537 321.39 320.66 320.81 320.09 321.39 320.66
1965 8 23969 1965.6219 318.81 320.06 318.94 320.2 318.81 320.06
1965 9 24000 1965.7068 317.82 320.75 317.38 320.31 317.82 320.75
1965 10 24030 1965.789 317.3 320.37 317.36 320.43 317.3 320.37
1965 11 24061 1965.874 318.86 320.81 318.6 320.55 318.86 320.81
1965 12 24091 1965.9562 319.42 320.22 319.86 320.66 319.42 320.22
1966 1 24122 1966.0411 320.62 320.61 320.8 320.79 320.62 320.61
1966 2 24153 1966.126 321.59 320.97 321.54 320.91 321.59 320.97
1966 3 24181 1966.2027 322.39 321.06 322.34 321.01 322.39 321.06
1966 4 24212 1966.2877 323.87 321.5 323.5 321.13 323.87 321.5
1966 5 24242 1966.3699 324.01 321.15 324.09 321.23 324.01 321.15
1966 6 24273 1966.4548 323.75 321.58 323.5 321.32 323.75 321.58
1966 7 24303 1966.537 322.39 321.66 322.13 321.41 322.39 321.66
1966 8 24334 1966.6219 320.36 321.62 320.22 321.49 320.36 321.62
1966 9 24365 1966.7068 318.64 321.58 318.62 321.56 318.64 321.58
1966 10 24395 1966.789 318.1 321.18 318.54 321.62 318.1 321.18
1966 11 24426 1966.874 319.78 321.73 319.73 321.68 319.78 321.73
1966 12 24456 1966.9562 321.08 321.89 320.93 321.74 321.08 321.89
1967 1 24487 1967.0411 322.06 322.05 321.81 321.8 322.06 322.05
1967 2 24518 1967.126 322.5 321.87 322.48 321.85 322.5 321.87
1967 3 24546 1967.2027 323.04 321.71 323.23 321.9 323.04 321.71
1967 4 24577 1967.2877 324.42 322.04 324.34 321.95 324.42 322.04
1967 5 24607 1967.3699 325 322.13 324.88 322.01 325 322.13
1967 6 24638 1967.4548 324.09 321.91 324.25 322.07 324.09 321.91
1967 7 24668 1967.537 322.55 321.82 322.86 322.13 322.55 321.82
1967 8 24699 1967.6219 320.92 322.18 320.93 322.2 320.92 322.18
1967 9 24730 1967.7068 319.32 322.27 319.32 322.27 319.32 322.27
1967 10 24760 1967.789 319.31 322.4 319.26 322.34 319.31 322.4
1967 11 24791 1967.874 320.72 322.68 320.46 322.42 320.72 322.68
1967 12 24821 1967.9562 321.96 322.77 321.68 322.49 321.96 322.77
1968 1 24852 1968.041 322.57 322.55 322.58 322.57 322.57 322.55
1968 2 24883 1968.1257 323.15 322.52 323.28 322.65 323.15 322.52
1968 3 24912 1968.2049 323.89 322.53 324.08 322.73 323.89 322.53
1968 4 24943 1968.2896 325.02 322.61 325.23 322.82 325.02 322.61
1968 5 24973 1968.3716 325.57 322.69 325.79 322.92 325.57 322.69
1968 6 25004 1968.4563 325.36 323.19 325.19 323.02 325.36 323.19
1968 7 25034 1968.5383 324.14 323.43 323.83 323.13 324.14 323.43
1968 8 25065 1968.623 322.03 323.33 321.95 323.24 322.03 323.33
1968 9 25096 1968.7077 320.41 323.38 320.39 323.36 320.41 323.38
1968 10 25126 1968.7896 320.25 323.34 320.39 323.48 320.25 323.34
1968 11 25157 1968.8743 321.31 323.27 321.65 323.61 321.31 323.27
1968 12 25187 1968.9563 322.84 323.66 322.92 323.74 322.84 323.66
1969 1 25218 1969.0411 324 323.99 323.9 323.88 324 323.99
1969 2 25249 1969.126 324.42 323.78 324.66 324.03 324.42 323.78
1969 3 25277 1969.2027 325.64 324.3 325.5 324.16 325.64 324.3
1969 4 25308 1969.2877 326.66 324.26 326.7 324.3 326.66 324.26
1969 5 25338 1969.3699 327.34 324.46 327.33 324.44 327.34 324.46
1969 6 25369 1969.4548 326.76 324.56 326.77 324.57 326.76 324.56
1969 7 25399 1969.537 325.88 325.15 325.43 324.69 325.88 325.15
1969 8 25430 1969.6219 323.66 324.94 323.53 324.8 323.66 324.94
1969 9 25461 1969.7068 322.38 325.35 321.93 324.9 322.38 325.35
1969 10 25491 1969.789 321.78 324.89 321.88 324.99 321.78 324.89
1969 11 25522 1969.874 322.85 324.82 323.11 325.08 322.85 324.82
1969 12 25552 1969.9562 324.12 324.93 324.34 325.16 324.12 324.93
1970 1 25583 1970.0411 325.03 325.02 325.25 325.24 325.03 325.02
1970 2 25614 1970.126 325.99 325.35 325.96 325.32 325.99 325.35
1970 3 25642 1970.2027 326.87 325.53 326.73 325.39 326.87 325.53
1970 4 25673 1970.2877 328.14 325.73 327.88 325.47 328.14 325.73
1970 5 25703 1970.3699 328.07 325.18 328.44 325.55 328.07 325.18
1970 6 25734 1970.4548 327.67 325.46 327.83 325.63 327.67 325.46
1970 7 25764 1970.537 326.34 325.61 326.44 325.7 326.34 325.61
1970 8 25795 1970.6219 324.69 325.96 324.49 325.77 324.69 325.96
1970 9 25826 1970.7068 323.1 326.08 322.85 325.83 323.1 326.08
1970 10 25856 1970.789 323.16 326.28 322.77 325.89 323.16 326.28
1970 11 25887 1970.874 323.98 325.95 323.96 325.93 323.98 325.95
1970 12 25917 1970.9562 325.13 325.95 325.15 325.97 325.13 325.95
1971 1 25948 1971.0411 326.17 326.16 326.02 326.01 326.17 326.16
1971 2 25979 1971.126 326.68 326.04 326.68 326.04 326.68 326.04
1971 3 26007 1971.2027 327.17 325.83 327.43 326.08 327.17 325.83
1971 4 26038 1971.2877 327.79 325.37 328.54 326.13 327.79 325.37
1971 5 26068 1971.3699 328.92 326.01 329.1 326.19 328.92 326.01
1971 6 26099 1971.4548 328.57 326.36 328.47 326.26 328.57 326.36
1971 7 26129 1971.537 327.34 326.6 327.07 326.33 327.34 326.6
1971 8 26160 1971.6219 325.46 326.74 325.12 326.4 325.46 326.74
1971 9 26191 1971.7068 323.36 326.35 323.48 326.47 323.36 326.35
1971 10 26221 1971.789 323.57 326.69 323.41 326.54 323.57 326.69
1971 11 26252 1971.874 324.8 326.78 324.64 326.62 324.8 326.78
1971 12 26282 1971.9562 326.02 326.84 325.87 326.7 326.02 326.84
1972 1 26313 1972.041 326.77 326.75 326.79 326.78 326.77 326.75
1972 2 26344 1972.1257 327.63 326.99 327.51 326.87 327.63 326.99
1972 3 26373 1972.2049 327.75 326.38 328.34 326.96 327.75 326.38
1972 4 26404 1972.2896 329.73 327.28 329.53 327.08 329.73 327.28
1972 5 26434 1972.3716 330.07 327.15 330.12 327.21 330.07 327.15
1972 6 26465 1972.4563 329.09 326.89 329.56 327.36 329.09 326.89
1972 7 26495 1972.5383 328.04 327.33 328.23 327.52 328.04 327.33
1972 8 26526 1972.623 326.32 327.63 326.39 327.7 326.32 327.63
1972 9 26557 1972.7077 324.93 327.94 324.88 327.89 324.93 327.94
1972 10 26587 1972.7896 325.06 328.2 324.95 328.09 325.06 328.2
1972 11 26618 1972.8743 326.5 328.48 326.31 328.3 326.5 328.48
1972 12 26648 1972.9563 327.55 328.38 327.68 328.5 327.55 328.38
1973 1 26679 1973.0411 328.55 328.53 328.73 328.71 328.55 328.53
1973 2 26710 1973.126 329.56 328.92 329.57 328.92 329.56 328.92
1973 3 26738 1973.2027 330.3 328.95 330.47 329.11 330.3 328.95
1973 4 26769 1973.2877 331.5 329.07 331.74 329.31 331.5 329.07
1973 5 26799 1973.3699 332.48 329.55 332.41 329.49 332.48 329.55
1973 6 26830 1973.4548 332.07 329.84 331.88 329.65 332.07 329.84
1973 7 26860 1973.537 330.87 330.13 330.53 329.79 330.87 330.13
1973 8 26891 1973.6219 329.31 330.6 328.6 329.89 329.31 330.6
1973 9 26922 1973.7068 327.51 330.52 326.96 329.97 327.51 330.52
1973 10 26952 1973.789 327.18 330.33 326.87 330.02 327.18 330.33
1973 11 26983 1973.874 328.16 330.16 328.05 330.05 328.16 330.16
1973 12 27013 1973.9562 328.64 329.47 329.24 330.07 328.64 329.47
1974 1 27044 1974.0411 329.35 329.34 330.1 330.09 329.35 329.34
1974 2 27075 1974.126 330.71 330.06 330.75 330.11 330.71 330.06
1974 3 27103 1974.2027 331.48 330.12 331.49 330.13 331.48 330.12
1974 4 27134 1974.2877 332.65 330.21 332.61 330.17 332.65 330.21
1974 5 27164 1974.3699 333.09 330.15 333.14 330.21 333.09 330.15
1974 6 27195 1974.4548 332.25 330.01 332.49 330.25 332.25 330.01
1974 7 27225 1974.537 331.18 330.43 331.04 330.3 331.18 330.43
1974 8 27256 1974.6219 329.39 330.69 329.05 330.35 329.39 330.69
1974 9 27287 1974.7068 327.43 330.46 327.38 330.4 327.43 330.46
1974 10 27317 1974.789 327.37 330.53 327.29 330.45 327.37 330.53
1974 11 27348 1974.874 328.46 330.46 328.51 330.51 328.46 330.46
1974 12 27378 1974.9562 329.57 330.4 329.74 330.57 329.57 330.4
1975 1 27409 1975.0411 330.4 330.38 330.66 330.65 330.4 330.38
1975 2 27440 1975.126 331.41 330.76 331.38 330.73 331.41 330.76
1975 3 27468 1975.2027 332.04 330.67 332.17 330.81 332.04 330.67
1975 4 27499 1975.2877 333.31 330.86 333.35 330.9 333.31 330.86
1975 5 27529 1975.3699 333.97 331.02 333.95 331 333.97 331.02
1975 6 27560 1975.4548 333.6 331.35 333.35 331.1 333.6 331.35
1975 7 27590 1975.537 331.9 331.16 331.95 331.2 331.9 331.16
1975 8 27621 1975.6219 330.06 331.36 329.99 331.29 330.06 331.36
1975 9 27652 1975.7068 328.56 331.59 328.36 331.39 328.56 331.59
1975 10 27682 1975.789 328.34 331.51 328.3 331.47 328.34 331.51
1975 11 27713 1975.874 329.49 331.5 329.55 331.56 329.49 331.5
1975 12 27743 1975.9562 330.76 331.6 330.81 331.64 330.76 331.6
1976 1 27774 1976.041 331.75 331.73 331.74 331.72 331.75 331.73
1976 2 27805 1976.1257 332.56 331.92 332.45 331.8 332.56 331.92
1976 3 27834 1976.2049 333.5 332.1 333.27 331.87 333.5 332.1
1976 4 27865 1976.2896 334.58 332.1 334.43 331.95 334.58 332.1
1976 5 27895 1976.3716 334.88 331.92 334.98 332.02 334.88 331.92
1976 6 27926 1976.4563 334.34 332.11 334.33 332.1 334.34 332.11
1976 7 27956 1976.5383 333.05 332.33 332.91 332.18 333.05 332.33
1976 8 27987 1976.623 330.94 332.27 330.94 332.27 330.94 332.27
1976 9 28018 1976.7077 329.3 332.36 329.32 332.38 329.3 332.36
1976 10 28048 1976.7896 328.94 332.12 329.31 332.49 328.94 332.12
1976 11 28079 1976.8743 330.31 332.32 330.6 332.62 330.31 332.32
1976 12 28109 1976.9563 331.68 332.52 331.92 332.76 331.68 332.52
1977 1 28140 1977.0411 332.93 332.91 332.94 332.92 332.93 332.91
1977 2 28171 1977.126 333.42 332.76 333.75 333.1 333.42 332.76
1977 3 28199 1977.2027 334.7 333.33 334.64 333.26 334.7 333.33
1977 4 28230 1977.2877 336.07 333.61 335.91 333.45 336.07 333.61
1977 5 28260 1977.3699 336.75 333.78 336.6 333.63 336.75 333.78
1977 6 28291 1977.4548 336.27 334.01 336.08 333.82 336.27 334.01
1977 7 28321 1977.537 334.92 334.17 334.74 333.99 334.92 334.17
1977 8 28352 1977.6219 332.75 334.06 332.85 334.15 332.75 334.06
1977 9 28383 1977.7068 331.59 334.64 331.26 334.31 331.59 334.64
1977 10 28413 1977.789 331.16 334.35 331.26 334.46 331.16 334.35
1977 11 28444 1977.874 332.4 334.43 332.58 334.6 332.4 334.43
1977 12 28474 1977.9562 333.85 334.69 333.9 334.74 333.85 334.69
1978 1 28505 1978.0411 334.97 334.95 334.89 334.88 334.97 334.95
1978 2 28536 1978.126 335.38 334.73 335.66 335.01 335.38 334.73
1978 3 28564 1978.2027 336.64 335.26 336.51 335.13 336.64 335.26
1978 4 28595 1978.2877 337.76 335.29 337.73 335.25 337.76 335.29
1978 5 28625 1978.3699 338.01 335.03 338.35 335.37 338.01 335.03
1978 6 28656 1978.4548 337.89 335.62 337.75 335.49 337.89 335.62
1978 7 28686 1978.537 336.54 335.78 336.35 335.59 336.54 335.78
1978 8 28717 1978.6219 334.68 336 334.38 335.7 334.68 336
1978 9 28748 1978.7068 332.76 335.83 332.73 335.79 332.76 335.83
1978 10 28778 1978.789 332.55 335.75 332.68 335.89 332.55 335.75
1978 11 28809 1978.874 333.92 335.95 333.95 335.98 333.92 335.95
1978 12 28839 1978.9562 334.95 335.79 335.23 336.08 334.95 335.79
1979 1 28870 1979.0411 336.23 336.21 336.2 336.18 336.23 336.21
1979 2 28901 1979.126 336.76 336.1 336.95 336.3 336.76 336.1
1979 3 28929 1979.2027 337.96 336.58 337.79 336.4 337.96 336.58
1979 4 28960 1979.2877 338.89 336.41 339.01 336.53 338.89 336.41
1979 5 28990 1979.3699 339.47 336.48 339.64 336.66 339.47 336.48
1979 6 29021 1979.4548 339.29 337.01 339.07 336.79 339.29 337.01
1979 7 29051 1979.537 337.73 336.97 337.68 336.93 337.73 336.97
1979 8 29082 1979.6219 336.09 337.4 335.75 337.07 336.09 337.4
1979 9 29113 1979.7068 333.92 336.99 334.14 337.21 333.92 336.99
1979 10 29143 1979.789 333.86 337.08 334.14 337.36 333.86 337.08
1979 11 29174 1979.874 335.29 337.33 335.48 337.52 335.29 337.33
1979 12 29204 1979.9562 336.73 337.58 336.83 337.68 336.73 337.58
1980 1 29235 1980.041 338.01 338 337.86 337.84 338.01 338
1980 2 29266 1980.1257 338.36 337.7 338.67 338.01 338.36 337.7
1980 3 29295 1980.2049 340.08 338.66 339.58 338.17 340.08 338.66
1980 4 29326 1980.2896 340.77 338.26 340.85 338.33 340.77 338.26
1980 5 29356 1980.3716 341.47 338.47 341.48 338.48 341.47 338.47
1980 6 29387 1980.4563 341.17 338.91 340.89 338.63 341.17 338.91
1980 7 29417 1980.5383 339.56 338.83 339.5 338.77 339.56 338.83
1980 8 29448 1980.623 337.6 338.95 337.55 338.9 337.6 338.95
1980 9 29479 1980.7077 335.88 338.98 335.92 339.02 335.88 338.98
1980 10 29509 1980.7896 336.02 339.24 335.91 339.13 336.02 339.24
1980 11 29540 1980.8743 337.1 339.14 337.2 339.24 337.1 339.14
1980 12 29570 1980.9563 338.21 339.06 338.49 339.34 338.21 339.06
1981 1 29601 1981.0411 339.24 339.22 339.46 339.44 339.24 339.22
1981 2 29632 1981.126 340.48 339.81 340.21 339.54 340.48 339.81
1981 3 29660 1981.2027 341.38 339.99 341.02 339.63 341.38 339.99
1981 4 29691 1981.2877 342.51 340.01 342.22 339.72 342.51 340.01
1981 5 29721 1981.3699 342.91 339.9 342.81 339.8 342.91 339.9
1981 6 29752 1981.4548 342.25 339.96 342.17 339.88 342.25 339.96
1981 7 29782 1981.537 340.49 339.72 340.73 339.96 340.49 339.72
1981 8 29813 1981.6219 338.43 339.76 338.73 340.05 338.43 339.76
1981 9 29844 1981.7068 336.69 339.79 337.06 340.15 336.69 339.79
1981 10 29874 1981.789 336.86 340.09 337.02 340.26 336.86 340.09
1981 11 29905 1981.874 338.36 340.41 338.32 340.37 338.36 340.41
1981 12 29935 1981.9562 339.61 340.47 339.63 340.48 339.61 340.47
1982 1 29966 1982.0411 340.75 340.74 340.61 340.6 340.75 340.74
1982 2 29997 1982.126 341.61 340.95 341.37 340.7 341.61 340.95
1982 3 30025 1982.2027 342.7 341.3 342.19 340.79 342.7 341.3
1982 4 30056 1982.2877 343.57 341.06 343.39 340.88 343.57 341.06
1982 5 30086 1982.3699 344.14 341.12 343.98 340.96 344.14 341.12
1982 6 30117 1982.4548 343.35 341.05 343.34 341.04 343.35 341.05
1982 7 30147 1982.537 342.06 341.29 341.88 341.11 342.06 341.29
1982 8 30178 1982.6219 339.81 341.14 339.85 341.18 339.81 341.14
1982 9 30209 1982.7068 337.98 341.08 338.16 341.27 337.98 341.08
1982 10 30239 1982.789 337.86 341.11 338.11 341.36 337.86 341.11
1982 11 30270 1982.874 339.26 341.32 339.42 341.47 339.26 341.32
1982 12 30300 1982.9562 340.49 341.34 340.75 341.6 340.49 341.34
1983 1 30331 1983.0411 341.37 341.36 341.77 341.76 341.37 341.36
1983 2 30362 1983.126 342.52 341.86 342.6 341.93 342.52 341.86
1983 3 30390 1983.2027 343.1 341.7 343.5 342.1 343.1 341.7
1983 4 30421 1983.2877 344.94 342.43 344.81 342.3 344.94 342.43
1983 5 30451 1983.3699 345.76 342.73 345.52 342.49 345.76 342.73
1983 6 30482 1983.4548 345.32 343.01 344.99 342.69 345.32 343.01
1983 7 30512 1983.537 343.98 343.21 343.63 342.86 343.98 343.21
1983 8 30543 1983.6219 342.38 343.72 341.7 343.04 342.38 343.72
1983 9 30574 1983.7068 339.86 342.98 340.08 343.2 339.86 342.98
1983 10 30604 1983.789 339.99 343.25 340.09 343.34 339.99 343.25
1983 11 30635 1983.874 341.15 343.22 341.42 343.49 341.15 343.22
1983 12 30665 1983.9562 342.99 343.85 342.77 343.62 342.99 343.85
1984 1 30696 1984.041 343.7 343.68 343.78 343.76 343.7 343.68
1984 2 30727 1984.1257 344.5 343.84 344.56 343.89 344.5 343.84
1984 3 30756 1984.2049 345.28 343.85 345.45 344.01 345.28 343.85
1984 4 30787 1984.2896 347.07 344.52 346.69 344.14 347.07 344.52
1984 5 30817 1984.3716 347.43 344.4 347.29 344.26 347.43 344.4
1984 6 30848 1984.4563 346.79 344.5 346.67 344.38 346.79 344.5
1984 7 30878 1984.5383 345.39 344.65 345.24 344.49 345.39 344.65
1984 8 30909 1984.623 343.28 344.65 343.24 344.61 343.28 344.65
1984 9 30940 1984.7077 341.07 344.21 341.6 344.73 341.07 344.21
1984 10 30970 1984.7896 341.35 344.61 341.59 344.85 341.35 344.61
1984 11 31001 1984.8743 342.98 345.04 342.92 344.98 342.98 345.04
1984 12 31031 1984.9563 344.22 345.08 344.26 345.11 344.22 345.08
1985 1 31062 1985.0411 344.97 344.95 345.27 345.25 344.97 344.95
1985 2 31093 1985.126 345.99 345.32 346.06 345.39 345.99 345.32
1985 3 31121 1985.2027 347.43 346.02 346.91 345.5 347.43 346.02
1985 4 31152 1985.2877 348.35 345.82 348.16 345.63 348.35 345.82
1985 5 31182 1985.3699 348.93 345.88 348.78 345.73 348.93 345.88
1985 6 31213 1985.4548 348.25 345.93 348.16 345.83 348.25 345.93
1985 7 31243 1985.537 346.56 345.79 346.7 345.93 346.56 345.79
1985 8 31274 1985.6219 344.68 346.02 344.67 346.02 344.68 346.02
1985 9 31305 1985.7068 343.09 346.22 342.97 346.1 343.09 346.22
1985 10 31335 1985.789 342.8 346.08 342.91 346.19 342.8 346.08
1985 11 31366 1985.874 344.24 346.32 344.2 346.27 344.24 346.32
1985 12 31396 1985.9562 345.55 346.42 345.5 346.37 345.55 346.42
1986 1 31427 1986.0411 346.3 346.28 346.48 346.47 346.3 346.28
1986 2 31458 1986.126 346.95 346.28 347.25 346.57 346.95 346.28
1986 3 31486 1986.2027 347.85 346.44 348.1 346.68 347.85 346.44
1986 4 31517 1986.2877 349.55 347.01 349.34 346.81 349.55 347.01
1986 5 31547 1986.3699 350.21 347.16 349.99 346.93 350.21 347.16
1986 6 31578 1986.4548 349.55 347.22 349.39 347.06 349.55 347.22
1986 7 31608 1986.537 347.94 347.16 347.96 347.18 347.94 347.16
1986 8 31639 1986.6219 345.9 347.25 345.96 347.31 345.9 347.25
1986 9 31670 1986.7068 344.85 348 344.29 347.44 344.85 348
1986 10 31700 1986.789 344.17 347.46 344.27 347.56 344.17 347.46
1986 11 31731 1986.874 345.66 347.74 345.61 347.69 345.66 347.74
1986 12 31761 1986.9562 346.9 347.77 346.96 347.82 346.9 347.77
1987 1 31792 1987.0411 348.02 348.01 347.98 347.97 348.02 348.01
1987 2 31823 1987.126 348.47 347.8 348.8 348.12 348.47 347.8
1987 3 31851 1987.2027 349.42 348 349.69 348.27 349.42 348
1987 4 31882 1987.2877 350.99 348.44 351 348.45 350.99 348.44
1987 5 31912 1987.3699 351.84 348.78 351.71 348.64 351.84 348.78
1987 6 31943 1987.4548 351.26 348.92 351.18 348.84 351.26 348.92
1987 7 31973 1987.537 349.51 348.73 349.83 349.05 349.51 348.73
1987 8 32004 1987.6219 348.1 349.45 347.91 349.27 348.1 349.45
1987 9 32035 1987.7068 346.45 349.6 346.33 349.49 346.45 349.6
1987 10 32065 1987.789 346.36 349.66 346.41 349.71 346.36 349.66
1987 11 32096 1987.874 347.81 349.9 347.85 349.94 347.81 349.9
1987 12 32126 1987.9562 348.96 349.83 349.29 350.16 348.96 349.83
1988 1 32157 1988.041 350.43 350.42 350.4 350.39 350.43 350.42
1988 2 32188 1988.1257 351.73 351.05 351.28 350.61 351.73 351.05
1988 3 32217 1988.2049 352.22 350.77 352.26 350.81 352.22 350.77
1988 4 32248 1988.2896 353.59 351.01 353.6 351.02 353.59 351.01
1988 5 32278 1988.3716 354.22 351.14 354.29 351.21 354.22 351.14
1988 6 32309 1988.4563 353.79 351.47 353.72 351.4 353.79 351.47
1988 7 32339 1988.5383 352.38 351.63 352.33 351.57 352.38 351.63
1988 8 32370 1988.623 350.43 351.81 350.35 351.74 350.43 351.81
1988 9 32401 1988.7077 348.72 351.9 348.72 351.89 348.72 351.9
1988 10 32431 1988.7896 348.88 352.19 348.72 352.03 348.88 352.19
1988 11 32462 1988.8743 350.07 352.16 350.07 352.16 350.07 352.16
1988 12 32492 1988.9563 351.34 352.21 351.41 352.28 351.34 352.21
1989 1 32523 1989.0411 352.76 352.74 352.41 352.39 352.76 352.74
1989 2 32554 1989.126 353.07 352.39 353.17 352.5 353.07 352.39
1989 3 32582 1989.2027 353.68 352.25 354.02 352.59 353.68 352.25
1989 4 32613 1989.2877 355.42 352.85 355.25 352.69 355.42 352.85
1989 5 32643 1989.3699 355.67 352.58 355.87 352.78 355.67 352.58
1989 6 32674 1989.4548 355.12 352.77 355.23 352.88 355.12 352.77
1989 7 32704 1989.537 353.9 353.11 353.76 352.98 353.9 353.11
1989 8 32735 1989.6219 351.67 353.03 351.71 353.07 351.67 353.03
1989 9 32766 1989.7068 349.8 352.98 350 353.17 349.8 352.98
1989 10 32796 1989.789 349.99 353.31 349.95 353.27 349.99 353.31
1989 11 32827 1989.874 351.29 353.4 351.27 353.37 351.29 353.4
1989 12 32857 1989.9562 352.53 353.4 352.6 353.47 352.53 353.4
1990 1 32888 1990.0411 353.66 353.65 353.59 353.57 353.66 353.65
1990 2 32919 1990.126 354.7 354.02 354.36 353.68 354.7 354.02
1990 3 32947 1990.2027 355.38 353.95 355.2 353.77 355.38 353.95
1990 4 32978 1990.2877 356.2 353.63 356.44 353.87 356.2 353.63
1990 5 33008 1990.3699 357.16 354.06 357.06 353.97 357.16 354.06
1990 6 33039 1990.4548 356.23 353.87 356.44 354.08 356.23 353.87
1990 7 33069 1990.537 354.81 354.03 354.98 354.2 354.81 354.03
1990 8 33100 1990.6219 352.91 354.28 352.96 354.33 352.91 354.28
1990 9 33131 1990.7068 350.97 354.15 351.29 354.47 350.97 354.15
1990 10 33161 1990.789 351.18 354.51 351.29 354.62 351.18 354.51
1990 11 33192 1990.874 352.83 354.94 352.66 354.77 352.83 354.94
1990 12 33222 1990.9562 354.21 355.09 354.05 354.92 354.21 355.09
1991 1 33253 1991.0411 354.72 354.71 355.09 355.08 354.72 354.71
1991 2 33284 1991.126 355.75 355.07 355.9 355.22 355.75 355.07
1991 3 33312 1991.2027 357.16 355.72 356.78 355.34 357.16 355.72
1991 4 33343 1991.2877 358.6 356.02 358.04 355.46 358.6 356.02
1991 5 33373 1991.3699 359.34 356.23 358.65 355.55 359.34 356.23
1991 6 33404 1991.4548 358.24 355.87 357.99 355.62 358.24 355.87
1991 7 33434 1991.537 356.17 355.38 356.47 355.68 356.17 355.38
1991 8 33465 1991.6219 354.02 355.39 354.37 355.74 354.02 355.39
1991 9 33496 1991.7068 352.15 355.35 352.6 355.79 352.15 355.35
1991 10 33526 1991.789 352.21 355.56 352.51 355.85 352.21 355.56
1991 11 33557 1991.874 353.75 355.87 353.8 355.92 353.75 355.87
1991 12 33587 1991.9562 354.99 355.87 355.1 355.98 354.99 355.87
1992 1 33618 1992.041 355.98 355.97 356.07 356.06 355.98 355.97
1992 2 33649 1992.1257 356.72 356.04 356.81 356.13 356.72 356.04
1992 3 33678 1992.2049 357.81 356.34 357.67 356.2 357.81 356.34
1992 4 33709 1992.2896 359.15 356.54 358.87 356.26 359.15 356.54
1992 5 33739 1992.3716 359.66 356.55 359.43 356.32 359.66 356.55
1992 6 33770 1992.4563 359.25 356.9 358.71 356.36 359.25 356.9
1992 7 33800 1992.5383 357.02 356.26 357.16 356.39 357.02 356.26
1992 8 33831 1992.623 355 356.4 355.02 356.43 355 356.4
1992 9 33862 1992.7077 353.01 356.22 353.24 356.46 353.01 356.22
1992 10 33892 1992.7896 353.31 356.66 353.14 356.49 353.31 356.66
1992 11 33923 1992.8743 354.16 356.28 354.4 356.52 354.16 356.28
1992 12 33953 1992.9563 355.4 356.28 355.68 356.56 355.4 356.28
1993 1 33984 1993.0411 356.7 356.69 356.63 356.62 356.7 356.69
1993 2 34015 1993.126 357.16 356.48 357.36 356.68 357.16 356.48
1993 3 34043 1993.2027 358.38 356.93 358.18 356.74 358.38 356.93
1993 4 34074 1993.2877 359.46 356.86 359.41 356.81 359.46 356.86
1993 5 34104 1993.3699 360.28 357.15 360.02 356.89 360.28 357.15
1993 6 34135 1993.4548 359.6 357.21 359.36 356.98 359.6 357.21
1993 7 34165 1993.537 357.57 356.78 357.87 357.08 357.57 356.78
1993 8 34196 1993.6219 355.52 356.9 355.81 357.19 355.52 356.9
1993 9 34227 1993.7068 353.69 356.91 354.1 357.32 353.69 356.91
1993 10 34257 1993.789 353.99 357.35 354.09 357.45 353.99 357.35
1993 11 34288 1993.874 355.33 357.47 355.48 357.61 355.33 357.47
1993 12 34318 1993.9562 356.8 357.69 356.88 357.77 356.8 357.69
1994 1 34349 1994.0411 358.37 358.35 357.96 357.94 358.37 358.35
1994 2 34380 1994.126 358.91 358.22 358.8 358.11 358.91 358.22
1994 3 34408 1994.2027 359.97 358.52 359.71 358.26 359.97 358.52
1994 4 34439 1994.2877 361.26 358.66 361.03 358.43 361.26 358.66
1994 5 34469 1994.3699 361.68 358.55 361.72 358.58 361.68 358.55
1994 6 34500 1994.4548 360.94 358.56 361.14 358.75 360.94 358.56
1994 7 34530 1994.537 359.55 358.75 359.71 358.91 359.55 358.75
1994 8 34561 1994.6219 357.48 358.86 357.7 359.08 357.48 358.86
1994 9 34592 1994.7068 355.84 359.07 356.04 359.26 355.84 359.07
1994 10 34622 1994.789 355.99 359.37 356.06 359.44 355.99 359.37
1994 11 34653 1994.874 357.58 359.72 357.48 359.62 357.58 359.72
1994 12 34683 1994.9562 359.04 359.92 358.92 359.8 359.04 359.92
1995 1 34714 1995.0411 359.97 359.95 360 359.99 359.97 359.95
1995 2 34745 1995.126 361 360.31 360.86 360.17 361 360.31
1995 3 34773 1995.2027 361.64 360.18 361.78 360.33 361.64 360.18
1995 4 34804 1995.2877 363.45 360.84 363.11 360.5 363.45 360.84
1995 5 34834 1995.3699 363.79 360.65 363.81 360.66 363.79 360.65
1995 6 34865 1995.4548 363.26 360.87 363.22 360.82 363.26 360.87
1995 7 34895 1995.537 361.9 361.1 361.78 360.98 361.9 361.1
1995 8 34926 1995.6219 359.45 360.84 359.75 361.14 359.45 360.84
1995 9 34957 1995.7068 358.06 361.29 358.07 361.3 358.06 361.29
1995 10 34987 1995.789 357.76 361.14 358.07 361.46 357.76 361.14
1995 11 35018 1995.874 359.56 361.71 359.48 361.62 359.56 361.71
1995 12 35048 1995.9562 360.7 361.59 360.89 361.78 360.7 361.59
1996 1 35079 1996.041 362.05 362.03 361.95 361.94 362.05 362.03
1996 2 35110 1996.1257 363.24 362.55 362.77 362.08 363.24 362.55
1996 3 35139 1996.2049 364.02 362.53 363.7 362.21 364.02 362.53
1996 4 35170 1996.2896 364.72 362.07 364.98 362.34 364.72 362.07
1996 5 35200 1996.3716 365.41 362.26 365.6 362.45 365.41 362.26
1996 6 35231 1996.4563 364.97 362.59 364.94 362.56 364.97 362.59
1996 7 35261 1996.5383 363.65 362.88 363.43 362.66 363.65 362.88
1996 8 35292 1996.623 361.48 362.9 361.33 362.75 361.48 362.9
1996 9 35323 1996.7077 359.45 362.71 359.58 362.84 359.45 362.71
1996 10 35353 1996.7896 359.6 363 359.52 362.91 359.6 363
1996 11 35384 1996.8743 360.76 362.9 360.84 362.99 360.76 362.9
1996 12 35414 1996.9563 362.33 363.22 362.17 363.06 362.33 363.22
1997 1 35445 1997.0411 363.18 363.17 363.16 363.14 363.18 363.17
1997 2 35476 1997.126 364 363.3 363.92 363.23 364 363.3
1997 3 35504 1997.2027 364.56 363.1 364.78 363.31 364.56 363.1
1997 4 35535 1997.2877 366.36 363.73 366.04 363.41 366.36 363.73
1997 5 35565 1997.3699 366.8 363.63 366.69 363.52 366.8 363.63
1997 6 35596 1997.4548 365.63 363.21 366.06 363.65 365.63 363.21
1997 7 35626 1997.537 364.47 363.66 364.6 363.8 364.47 363.66
1997 8 35657 1997.6219 362.5 363.9 362.58 363.97 362.5 363.9
1997 9 35688 1997.7068 360.19 363.45 360.92 364.17 360.19 363.45
1997 10 35718 1997.789 360.77 364.18 360.99 364.39 360.77 364.18
1997 11 35749 1997.874 362.43 364.59 362.48 364.64 362.43 364.59
1997 12 35779 1997.9562 364.28 365.17 364 364.9 364.28 365.17
1998 1 35810 1998.0411 365.33 365.31 365.19 365.17 365.33 365.31
1998 2 35841 1998.126 366.15 365.45 366.15 365.45 366.15 365.45
1998 3 35869 1998.2027 367.31 365.84 367.17 365.7 367.31 365.84
1998 4 35900 1998.2877 368.61 365.98 368.61 365.98 368.61 365.98
1998 5 35930 1998.3699 369.3 366.12 369.42 366.24 369.3 366.12
1998 6 35961 1998.4548 368.87 366.46 368.92 366.51 368.87 366.46
1998 7 35991 1998.537 367.64 366.83 367.56 366.75 367.64 366.83
1998 8 36022 1998.6219 365.78 367.18 365.59 366.99 365.78 367.18
1998 9 36053 1998.7068 363.9 367.17 363.94 367.21 363.9 367.17
1998 10 36083 1998.789 364.23 367.65 363.99 367.4 364.23 367.65
1998 11 36114 1998.874 365.46 367.62 365.41 367.58 365.46 367.62
1998 12 36144 1998.9562 366.97 367.87 366.83 367.73 366.97 367.87
1999 1 36175 1999.0411 368.15 368.13 367.88 367.86 368.15 368.13
1999 2 36206 1999.126 368.87 368.17 368.67 367.97 368.87 368.17
1999 3 36234 1999.2027 369.59 368.11 369.53 368.05 369.59 368.11
1999 4 36265 1999.2877 371.14 368.49 370.78 368.13 371.14 368.49
1999 5 36295 1999.3699 371 367.81 371.38 368.19 371 367.81
1999 6 36326 1999.4548 370.35 367.92 370.68 368.26 370.35 367.92
1999 7 36356 1999.537 369.27 368.46 369.13 368.32 369.27 368.46
1999 8 36387 1999.6219 366.93 368.33 366.99 368.39 366.93 368.33
1999 9 36418 1999.7068 364.64 367.91 365.19 368.47 364.64 367.91
1999 10 36448 1999.789 365.13 368.56 365.12 368.55 365.13 368.56
1999 11 36479 1999.874 366.67 368.85 366.46 368.63 366.67 368.85
1999 12 36509 1999.9562 368.01 368.91 367.82 368.72 368.01 368.91
2000 1 36540 2000.041 369.14 369.12 368.83 368.81 369.14 369.12
2000 2 36571 2000.1257 369.46 368.76 369.6 368.9 369.46 368.76
2000 3 36600 2000.2049 370.51 369.01 370.5 369 370.51 369.01
2000 4 36631 2000.2896 371.66 368.98 371.78 369.11 371.66 368.98
2000 5 36661 2000.3716 371.82 368.63 372.41 369.22 371.82 368.63
2000 6 36692 2000.4563 371.7 369.28 371.76 369.35 371.7 369.28
2000 7 36722 2000.5383 370.12 369.34 370.27 369.49 370.12 369.34
2000 8 36753 2000.623 368.12 369.56 368.2 369.64 368.12 369.56
2000 9 36784 2000.7077 366.62 369.92 366.49 369.79 366.62 369.92
2000 10 36814 2000.7896 366.73 370.16 366.5 369.93 366.73 370.16
2000 11 36845 2000.8743 368.29 370.46 367.9 370.08 368.29 370.46
2000 12 36875 2000.9563 369.53 370.43 369.3 370.21 369.53 370.43
2001 1 36906 2001.0411 370.28 370.26 370.35 370.33 370.28 370.26
2001 2 36937 2001.126 371.5 370.79 371.16 370.45 371.5 370.79
2001 3 36965 2001.2027 372.12 370.64 372.04 370.56 372.12 370.64
2001 4 36996 2001.2877 372.87 370.2 373.33 370.67 372.87 370.2
2001 5 37026 2001.3699 374.02 370.81 373.99 370.79 374.02 370.81
2001 6 37057 2001.4548 373.31 370.86 373.35 370.91 373.31 370.86
2001 7 37087 2001.537 371.62 370.8 371.86 371.04 371.62 370.8
2001 8 37118 2001.6219 369.55 370.96 369.78 371.19 369.55 370.96
2001 9 37149 2001.7068 367.96 371.26 368.05 371.34 367.96 371.26
2001 10 37179 2001.789 368.1 371.54 368.05 371.5 368.1 371.54
2001 11 37210 2001.874 369.68 371.87 369.48 371.67 369.68 371.87
2001 12 37240 2001.9562 371.24 372.15 370.92 371.83 371.24 372.15
2002 1 37271 2002.0411 372.43 372.42 372.01 372 372.43 372.42
2002 2 37302 2002.126 373.08 372.38 372.87 372.17 373.08 372.38
2002 3 37330 2002.2027 373.52 372.03 373.81 372.32 373.52 372.03
2002 4 37361 2002.2877 374.86 372.19 375.18 372.51 374.86 372.19
2002 5 37391 2002.3699 375.55 372.33 375.91 372.7 375.55 372.33
2002 6 37422 2002.4548 375.4 372.95 375.36 372.91 375.4 372.95
2002 7 37452 2002.537 374.02 373.2 373.94 373.12 374.02 373.2
2002 8 37483 2002.6219 371.48 372.9 371.93 373.35 371.48 372.9
2002 9 37514 2002.7068 370.7 374.01 370.28 373.59 370.7 374.01
2002 10 37544 2002.789 370.25 373.71 370.36 373.82 370.25 373.71
2002 11 37575 2002.874 372.08 374.27 371.86 374.06 372.08 374.27
2002 12 37605 2002.9562 373.78 374.69 373.37 374.28 373.78 374.69
2003 1 37636 2003.0411 374.68 374.66 374.52 374.5 374.68 374.66
2003 2 37667 2003.126 375.62 374.91 375.43 374.72 375.62 374.91
2003 3 37695 2003.2027 376.11 374.62 376.41 374.91 376.11 374.62
2003 4 37726 2003.2877 377.65 374.97 377.8 375.12 377.65 374.97
2003 5 37756 2003.3699 378.35 375.13 378.55 375.32 378.35 375.13
2003 6 37787 2003.4548 378.13 375.67 377.99 375.53 378.13 375.67
2003 7 37817 2003.537 376.61 375.79 376.54 375.72 376.61 375.79
2003 8 37848 2003.6219 374.48 375.91 374.49 375.92 374.48 375.91
2003 9 37879 2003.7068 372.98 376.3 372.78 376.1 372.98 376.3
2003 10 37909 2003.789 373 376.47 372.8 376.27 373 376.47
2003 11 37940 2003.874 374.34 376.54 374.23 376.43 374.34 376.54
2003 12 37970 2003.9562 375.69 376.6 375.66 376.57 375.69 376.6
2004 1 38001 2004.041 376.79 376.77 376.73 376.71 376.79 376.77
2004 2 38032 2004.1257 377.36 376.65 377.55 376.84 377.36 376.65
2004 3 38061 2004.2049 378.4 376.87 378.48 376.96 378.4 376.87
2004 4 38092 2004.2896 380.5 377.79 379.79 377.07 380.5 377.79
2004 5 38122 2004.3716 380.61 377.38 380.42 377.18 380.61 377.38
2004 6 38153 2004.4563 379.55 377.11 379.74 377.3 379.55 377.11
2004 7 38183 2004.5383 377.77 376.97 378.21 377.41 377.77 376.97
2004 8 38214 2004.623 375.84 377.29 376.09 377.55 375.84 377.29
2004 9 38245 2004.7077 374.05 377.39 374.36 377.7 374.05 377.39
2004 10 38275 2004.7896 374.22 377.7 374.39 377.87 374.22 377.7
2004 11 38306 2004.8743 375.84 378.04 375.85 378.06 375.84 378.04
2004 12 38336 2004.9563 377.45 378.36 377.33 378.25 377.45 378.36
2005 1 38367 2005.0411 378.34 378.32 378.47 378.46 378.34 378.32
2005 2 38398 2005.126 379.66 378.95 379.39 378.67 379.66 378.95
2005 3 38426 2005.2027 380.29 378.79 380.37 378.87 380.29 378.79
2005 4 38457 2005.2877 382.06 379.36 381.79 379.09 382.06 379.36
2005 5 38487 2005.3699 382.25 379 382.55 379.3 382.25 379
2005 6 38518 2005.4548 382.08 379.61 381.99 379.52 382.08 379.61
2005 7 38548 2005.537 380.65 379.83 380.56 379.73 380.65 379.83
2005 8 38579 2005.6219 378.67 380.11 378.52 379.95 378.67 380.11
2005 9 38610 2005.7068 376.43 379.77 376.82 380.16 376.43 379.77
2005 10 38640 2005.789 376.81 380.31 376.86 380.36 376.81 380.31
2005 11 38671 2005.874 378.31 380.53 378.34 380.56 378.31 380.53
2005 12 38701 2005.9562 379.96 380.88 379.82 380.74 379.96 380.88
2006 1 38732 2006.0411 381.37 381.35 380.94 380.92 381.37 381.35
2006 2 38763 2006.126 382.02 381.3 381.81 381.09 382.02 381.3
2006 3 38791 2006.2027 382.57 381.06 382.74 381.24 382.57 381.06
2006 4 38822 2006.2877 384.37 381.67 384.09 381.39 384.37 381.67
2006 5 38852 2006.3699 384.93 381.67 384.78 381.53 384.93 381.67
2006 6 38883 2006.4548 384.03 381.55 384.15 381.67 384.03 381.55
2006 7 38913 2006.537 382.28 381.46 382.64 381.81 382.28 381.46
2006 8 38944 2006.6219 380.51 381.94 380.52 381.96 380.51 381.94
2006 9 38975 2006.7068 378.82 382.17 378.76 382.1 378.82 382.17
2006 10 39005 2006.789 379.07 382.57 378.74 382.25 379.07 382.57
2006 11 39036 2006.874 380.16 382.38 380.18 382.4 380.16 382.38
2006 12 39066 2006.9562 381.62 382.54 381.62 382.54 381.62 382.54
2007 1 39097 2007.0411 382.49 382.47 382.71 382.69 382.49 382.47
2007 2 39128 2007.126 383.7 382.98 383.56 382.84 383.7 382.98
2007 3 39156 2007.2027 384.34 382.83 384.5 382.99 384.34 382.83
2007 4 39187 2007.2877 386.24 383.53 385.86 383.15 386.24 383.53
2007 5 39217 2007.3699 386.42 383.15 386.57 383.31 386.42 383.15
2007 6 39248 2007.4548 385.87 383.39 385.96 383.47 385.87 383.39
2007 7 39278 2007.537 384.43 383.6 384.46 383.63 384.43 383.6
2007 8 39309 2007.6219 381.84 383.28 382.36 383.8 381.84 383.28
2007 9 39340 2007.7068 380.87 384.23 380.61 383.97 380.87 384.23
2007 10 39370 2007.789 380.87 384.38 380.62 384.13 380.87 384.38
2007 11 39401 2007.874 382.36 384.58 382.06 384.29 382.36 384.58
2007 12 39431 2007.9562 383.61 384.54 383.51 384.44 383.61 384.54
2008 1 39462 2008.041 385.07 385.05 384.6 384.58 385.07 385.05
2008 2 39493 2008.1257 385.85 385.13 385.44 384.73 385.85 385.13
2008 3 39522 2008.2049 385.84 384.29 386.41 384.86 385.84 384.29
2008 4 39553 2008.2896 386.77 384.03 387.76 385.01 386.77 384.03
2008 5 39583 2008.3716 388.52 385.24 388.44 385.17 388.52 385.24
2008 6 39614 2008.4563 388.05 385.58 387.81 385.34 388.05 385.58
2008 7 39644 2008.5383 386.27 385.47 386.31 385.51 386.27 385.47
2008 8 39675 2008.623 384.08 385.56 384.21 385.68 384.08 385.56
2008 9 39706 2008.7077 383.09 386.47 382.47 385.85 383.09 386.47
2008 10 39736 2008.7896 382.78 386.3 382.49 386.01 382.78 386.3
2008 11 39767 2008.8743 384.02 386.25 383.94 386.17 384.02 386.25
2008 12 39797 2008.9563 385.12 386.04 385.39 386.31 385.12 386.04
2009 1 39828 2009.0411 386.66 386.64 386.49 386.47 386.66 386.64
2009 2 39859 2009.126 387.13 386.41 387.34 386.62 387.13 386.41
2009 3 39887 2009.2027 388.52 387 388.28 386.76 388.52 387
2009 4 39918 2009.2877 389.57 386.84 389.65 386.92 389.57 386.84
2009 5 39948 2009.3699 390.16 386.87 390.37 387.09 390.16 386.87
2009 6 39979 2009.4548 389.62 387.12 389.77 387.27 389.62 387.12
2009 7 40009 2009.537 388.07 387.24 388.29 387.45 388.07 387.24
2009 8 40040 2009.6219 386.09 387.54 386.21 387.65 386.09 387.54
2009 9 40071 2009.7068 384.66 388.04 384.49 387.87 384.66 388.04
2009 10 40101 2009.789 384.34 387.87 384.55 388.08 384.34 387.87
2009 11 40132 2009.874 386.05 388.29 386.07 388.31 386.05 388.29
2009 12 40162 2009.9562 387.49 388.42 387.6 388.53 387.49 388.42
2010 1 40193 2010.0411 388.55 388.54 388.78 388.76 388.55 388.54
2010 2 40224 2010.126 390.06 389.34 389.71 388.99 390.06 389.34
2010 3 40252 2010.2027 391.02 389.5 390.71 389.19 391.02 389.5
2010 4 40283 2010.2877 392.39 389.65 392.13 389.39 392.39 389.65
2010 5 40313 2010.3699 393.23 389.93 392.88 389.58 393.23 389.93
2010 6 40344 2010.4548 392.24 389.73 392.28 389.77 392.24 389.73
2010 7 40374 2010.537 390.33 389.49 390.78 389.94 390.33 389.49
2010 8 40405 2010.6219 388.52 389.97 388.66 390.11 388.52 389.97
2010 9 40436 2010.7068 386.85 390.23 386.89 390.28 386.85 390.23
2010 10 40466 2010.789 387.17 390.72 386.89 390.43 387.17 390.72
2010 11 40497 2010.874 388.67 390.91 388.33 390.58 388.67 390.91
2010 12 40527 2010.9562 389.81 390.74 389.78 390.72 389.81 390.74
2011 1 40558 2011.0411 391.3 391.28 390.86 390.85 391.3 391.28
2011 2 40589 2011.126 391.93 391.2 391.7 390.97 391.93 391.2
2011 3 40617 2011.2027 392.45 390.92 392.61 391.08 392.45 390.92
2011 4 40648 2011.2877 393.37 390.63 393.96 391.21 393.37 390.63
2011 5 40678 2011.3699 394.29 390.98 394.66 391.35 394.29 390.98
2011 6 40709 2011.4548 393.69 391.18 394.03 391.51 393.69 391.18
2011 7 40739 2011.537 392.59 391.75 392.52 391.68 392.59 391.75
2011 8 40770 2011.6219 390.21 391.67 390.4 391.85 390.21 391.67
2011 9 40801 2011.7068 389 392.4 388.64 392.04 389 392.4
2011 10 40831 2011.789 388.93 392.49 388.66 392.22 388.93 392.49
2011 11 40862 2011.874 390.25 392.5 390.15 392.4 390.25 392.5
2011 12 40892 2011.9562 391.8 392.74 391.65 392.58 391.8 392.74
2012 1 40923 2012.041 393.07 393.05 392.78 392.77 393.07 393.05
2012 2 40954 2012.1257 393.34 392.62 393.68 392.95 393.34 392.62
2012 3 40983 2012.2049 394.36 392.8 394.7 393.13 394.36 392.8
2012 4 41014 2012.2896 396.44 393.66 396.11 393.33 396.44 393.66
2012 5 41044 2012.3716 396.87 393.56 396.85 393.53 396.87 393.56
2012 6 41075 2012.4563 395.88 393.37 396.25 393.75 395.88 393.37
2012 7 41105 2012.5383 394.52 393.71 394.79 393.97 394.52 393.71
2012 8 41136 2012.623 392.54 394.03 392.72 394.21 392.54 394.03
2012 9 41167 2012.7077 391.14 394.56 391.04 394.46 391.14 394.56
2012 10 41197 2012.7896 391.02 394.59 391.14 394.7 391.02 394.59
2012 11 41228 2012.8743 392.99 395.25 392.69 394.94 392.99 395.25
2012 12 41258 2012.9563 394.39 395.33 394.23 395.17 394.39 395.33
2013 1 41289 2013.0411 395.66 395.64 395.42 395.4 395.66 395.64
2013 2 41320 2013.126 396.89 396.16 396.35 395.62 396.89 396.16
2013 3 41348 2013.2027 397.27 395.73 397.34 395.8 397.27 395.73
2013 4 41379 2013.2877 398.36 395.59 398.76 396 398.36 395.59
2013 5 41409 2013.3699 399.9 396.57 399.52 396.19 399.9 396.57
2013 6 41440 2013.4548 398.78 396.25 398.91 396.38 398.78 396.25
2013 7 41470 2013.537 397.28 396.43 397.41 396.56 397.28 396.43
2013 8 41501 2013.6219 395.32 396.79 395.28 396.75 395.32 396.79
2013 9 41532 2013.7068 393.31 396.73 393.52 396.94 393.31 396.73
2013 10 41562 2013.789 393.61 397.18 393.54 397.12 393.61 397.18
2013 11 41593 2013.874 395.1 397.37 395.04 397.3 395.1 397.37
2013 12 41623 2013.9562 396.73 397.67 396.54 397.48 396.73 397.67
2014 1 41654 2014.0411 397.83 397.81 397.68 397.66 397.83 397.81
2014 2 41685 2014.126 398.01 397.28 398.58 397.85 398.01 397.28
2014 3 41713 2014.2027 399.47 397.92 399.56 398.01 399.47 397.92
2014 4 41744 2014.2877 401.33 398.56 400.96 398.19 401.33 398.56
2014 5 41774 2014.3699 401.88 398.55 401.7 398.37 401.88 398.55
2014 6 41805 2014.4548 401.3 398.76 401.08 398.54 401.3 398.76
2014 7 41835 2014.537 399.09 398.24 399.56 398.71 399.09 398.24
2014 8 41866 2014.6219 397.22 398.69 397.41 398.88 397.22 398.69
2014 9 41897 2014.7068 395.41 398.84 395.63 399.06 395.41 398.84
2014 10 41927 2014.789 395.65 399.24 395.63 399.22 395.65 399.24
2014 11 41958 2014.874 397.22 399.5 397.11 399.39 397.22 399.5
2014 12 41988 2014.9562 398.79 399.73 398.59 399.54 398.79 399.73
2015 1 42019 2015.0411 399.86 399.84 399.7 399.68 399.86 399.84
2015 2 42050 2015.126 400.31 399.58 400.55 399.82 400.31 399.58
2015 3 42078 2015.2027 401.52 399.97 401.47 399.93 401.52 399.97
2015 4 42109 2015.2877 403.43 400.65 402.81 400.03 403.43 400.65
2015 5 42139 2015.3699 403.7 400.36 403.47 400.13 403.7 400.36
2015 6 42170 2015.4548 402.45 399.9 402.76 400.21 402.45 399.9
2015 7 42200 2015.537 401.13 400.28 401.14 400.29 401.13 400.28
2015 8 42231 2015.6219 398.6 400.08 398.89 400.37 398.6 400.08
2015 9 42262 2015.7068 NA NA NA NA NA NA
2015 10 42292 2015.789 NA NA NA NA NA NA
2015 11 42323 2015.874 NA NA NA NA NA NA
2015 12 42353 2015.9562 NA NA NA NA NA NA
